================================================================================
BÁO CÁO TRỰC QUAN HÓA DATASET SOLOMON VRPTW
Dataset: C206
================================================================================

1. THÔNG TIN TỔNG QUAN
--------------------------------------------------------------------------------
   Số lượng khách hàng: 100
   Vị trí kho: (40.0, 50.0)

2. PHÂN TÍCH NHU CẦU
--------------------------------------------------------------------------------
   Tổng nhu cầu: 1810
   Nhu cầu trung bình: 18.10
   Nhu cầu median: 10.00
   Nhu cầu min: 10
   Nhu cầu max: 50
   Độ lệch chuẩn: 10.42

3. PHÂN TÍCH CỬA SỔ THỜI GIAN
--------------------------------------------------------------------------------
   Ready Time sớm nhất: 8
   Ready Time muộn nhất: 2976
   Due Date sớm nhất: 360
   Due Date muộn nhất: 3288
   Độ rộng TW trung bình: 486.64
   Độ rộng TW median: 490.50
   Độ rộng TW min: 299
   Độ rộng TW max: 707
   Tổng khoảng thời gian: 3280

4. PHÂN TÍCH THỜI GIAN PHỤC VỤ
--------------------------------------------------------------------------------
   Service Time trung bình: 90.00
   Service Time median: 90.00
   Service Time min: 90
   Service Time max: 90
   Tổng Service Time: 9000

5. PHÂN TÍCH KHÔNG GIAN
--------------------------------------------------------------------------------
   Phạm vi tọa độ X: 0.0 - 95.0
   Phạm vi tọa độ Y: 5.0 - 85.0
   Khoảng cách trung bình từ kho: 29.71
   Khoảng cách median từ kho: 30.67
   Khoảng cách min từ kho: 8.25
   Khoảng cách max từ kho: 58.52

6. PHÂN TÍCH TƯƠNG QUAN
--------------------------------------------------------------------------------
   Tương quan (Khoảng cách - Độ rộng TW): 0.0766
   Tương quan (Khoảng cách - Nhu cầu): 0.1628
   Tương quan (Độ rộng TW - Nhu cầu): -0.1061
   Tương quan (Thời gian phục vụ - Nhu cầu): nan

7. DANH SÁCH CHI TIẾT CÁC KHÁCH HÀNG
--------------------------------------------------------------------------------
STT   Tọa độ X   Tọa độ Y   Nhu cầu    Ready      Due        Service    KC từ kho   
--------------------------------------------------------------------------------
2     52.0       75.0       10         213        568        90         27.73       
3     45.0       70.0       30         22         563        90         20.62       
4     62.0       69.0       10         1030       1463       90         29.07       
5     60.0       66.0       10         1154       1527       90         25.61       
6     42.0       65.0       10         15         402        90         15.13       
7     16.0       42.0       20         331        822        90         25.30       
8     58.0       70.0       20         965        1340       90         26.91       
9     34.0       60.0       20         2653       3280       90         11.66       
10    28.0       70.0       10         2385       2976       90         23.32       
11    35.0       66.0       10         2628       3113       90         16.76       
12    35.0       69.0       10         2603       2952       90         19.65       
13    25.0       85.0       20         1985       2412       90         38.08       
14    22.0       75.0       30         2310       2659       90         30.81       
15    22.0       85.0       10         1846       2365       90         39.36       
16    20.0       80.0       40         2077       2514       90         36.06       
17    20.0       85.0       40         1763       2264       90         40.31       
18    18.0       75.0       20         2143       2638       90         33.30       
19    15.0       75.0       20         1560       2083       90         35.36       
20    15.0       80.0       10         1689       2144       90         39.05       
21    30.0       50.0       10         10         645        90         10.00       
22    30.0       56.0       20         2675       3288       90         11.66       
23    28.0       52.0       20         12         505        90         12.17       
24    14.0       66.0       10         1519       1926       90         30.53       
25    25.0       50.0       10         23         368        90         15.00       
26    22.0       66.0       40         2380       2787       90         24.08       
27    8.0        62.0       10         1330       1919       90         34.18       
28    23.0       52.0       10         93         484        90         17.12       
29    4.0        55.0       20         1268       1785       90         36.35       
30    20.0       50.0       10         168        787        90         20.00       
31    20.0       55.0       10         170        595        90         20.62       
32    10.0       35.0       20         585        1136       90         33.54       
33    10.0       40.0       30         448        897        90         31.62       
34    8.0        40.0       40         499        1030       90         33.53       
35    8.0        45.0       20         1190       1661       90         32.39       
36    5.0        35.0       10         666        1245       90         38.08       
37    5.0        45.0       10         1076       1589       90         35.36       
38    2.0        40.0       20         772        1329       90         39.29       
39    0.0        40.0       30         890        1395       90         41.23       
40    0.0        45.0       20         1036       1439       90         40.31       
41    36.0       18.0       10         1612       2185       90         32.25       
42    35.0       32.0       10         2599       3076       90         18.68       
43    33.0       32.0       20         2529       2962       90         19.31       
44    33.0       35.0       10         2463       2842       90         16.55       
45    32.0       20.0       10         1745       2240       90         31.05       
46    30.0       30.0       10         1932       2437       90         22.36       
47    34.0       25.0       30         1884       2293       90         25.71       
48    30.0       35.0       10         2348       2771       90         18.03       
49    36.0       40.0       10         2715       3156       90         10.77       
50    48.0       20.0       10         812        1281       90         31.05       
51    26.0       32.0       10         2018       2725       90         22.80       
52    25.0       30.0       10         2015       2544       90         25.00       
53    25.0       35.0       10         2201       2728       90         21.21       
54    44.0       5.0        20         1078       1593       90         45.18       
55    42.0       10.0       40         998        1481       90         40.05       
56    42.0       15.0       10         897        1392       90         35.06       
57    40.0       5.0        30         1199       1660       90         45.00       
58    38.0       15.0       40         1552       2057       90         35.06       
59    38.0       5.0        30         1263       1780       90         45.04       
60    38.0       10.0       10         1498       1921       90         40.05       
61    35.0       5.0        20         1325       1904       90         45.28       
62    50.0       30.0       10         223        738        90         22.36       
63    50.0       35.0       20         18         474        90         18.03       
64    50.0       40.0       50         14         360        90         14.14       
65    48.0       30.0       10         246        899        90         21.54       
66    44.0       25.0       10         704        1197       90         25.32       
67    47.0       35.0       10         393        942        90         16.55       
68    47.0       40.0       10         12         424        90         12.21       
69    42.0       30.0       10         641        1070       90         20.10       
70    45.0       35.0       10         534        985        90         15.81       
71    95.0       30.0       30         2119       2682       90         58.52       
72    95.0       35.0       20         2079       2532       90         57.01       
73    53.0       30.0       10         131        644        90         23.85       
74    92.0       30.0       10         2169       2818       90         55.71       
75    53.0       35.0       50         87         498        90         19.85       
76    45.0       65.0       20         15         607        90         15.81       
77    90.0       35.0       10         2002       2419       90         52.20       
78    72.0       45.0       10         2701       3258       90         32.39       
79    78.0       40.0       20         2599       3164       90         39.29       
80    87.0       30.0       10         2505       2870       90         51.08       
81    85.0       25.0       10         2369       2816       90         51.48       
82    85.0       35.0       30         2563       3002       90         47.43       
83    75.0       55.0       20         1783       2226       90         35.36       
84    72.0       55.0       10         1591       2232       90         32.39       
85    70.0       58.0       20         1513       1928       90         31.05       
86    86.0       46.0       30         1829       2388       90         46.17       
87    66.0       55.0       10         1604       2027       90         26.48       
88    64.0       46.0       20         2976       3275       90         24.33       
89    65.0       60.0       30         1338       1913       90         26.93       
90    56.0       64.0       10         1116       1753       90         21.26       
91    60.0       55.0       10         2789       3279       90         20.62       
92    60.0       60.0       10         1349       1712       90         22.36       
93    67.0       85.0       20         518        1029       90         44.20       
94    42.0       58.0       40         8          509        90         8.25        
95    65.0       82.0       10         549        1186       90         40.61       
96    62.0       80.0       30         744        1177       90         37.20       
97    62.0       40.0       10         2713       3275       90         24.17       
98    60.0       85.0       30         397        956        90         40.31       
99    58.0       75.0       20         839        1276       90         30.81       
100   55.0       80.0       10         272        701        90         33.54       
101   55.0       85.0       20         373        790        90         38.08       

================================================================================
Báo cáo được tạo tự động từ VRPTWVisualizer
================================================================================