====================================================================================================
HYBRID VRPTW SOLVER - DETAILED SOLUTION REPORT
====================================================================================================

DATASET INFORMATION
----------------------------------------------------------------------------------------------------
Dataset Name: R211
Number of Customers: 100
Vehicle Capacity: 200
Max Vehicles: 25

SOLVER SETTINGS
----------------------------------------------------------------------------------------------------
Mode: BALANCED
Improvement Time Limit: 20s
Improvement Iterations: 1000

RESULTS SUMMARY
----------------------------------------------------------------------------------------------------
Status: Success
Total Distance: 891.4126
Number of Vehicles: 8
Customers Served: 100/100
Total Solve Time: 23.0005 seconds

Clarke-Wright Distance: 914.1949
Clarke-Wright Vehicles: 8
Improvement: 2.49%
Distance Reduction: 22.7823
Vehicle Reduction: 0

DETAILED ROUTES
====================================================================================================

Route 1:
----------------------------------------------------------------------------------------------------
Path: 0 → 70 → 30 → 20 → 66 → 65 → 71 → 35 → 34 → 78 → 81 → 9 → 51 → 1 → 0
Number of Customers: 13
Total Distance: 133.8360
Total Load: 182/200

Customer Details:
  Cust   X        Y        Demand   Ready    Due      Service 
  70     37.00    56.00    5        368      968      10      
  30     40.00    60.00    21       91       522      10      
  20     45.00    65.00    9        418      829      10      
  66     49.00    73.00    25       421      864      10      
  65     62.00    77.00    20       49       568      10      
  71     57.00    68.00    15       98       537      10      
  35     63.00    65.00    8        453      948      10      
  34     65.00    55.00    14       367      776      10      
  78     61.00    52.00    3        207      676      10      
  81     55.00    54.00    26       268      599      10      
  9      55.00    60.00    16       231      666      10      
  51     49.00    58.00    10       176      625      10      
  1      41.00    49.00    10       451      974      10      

Route 2:
----------------------------------------------------------------------------------------------------
Path: 0 → 2 → 23 → 67 → 39 → 56 → 75 → 22 → 41 → 15 → 43 → 42 → 57 → 87 → 0
Number of Customers: 13
Total Distance: 144.8091
Total Load: 192/200

Customer Details:
  Cust   X        Y        Demand   Ready    Due      Service 
  2      35.00    17.00    7        18       534      10      
  23     55.00    5.00     29       36       514      10      
  67     67.00    5.00     25       120      575      10      
  39     60.00    12.00    31       33       655      10      
  56     53.00    12.00    6        412      865      10      
  75     49.00    11.00    18       62       519      10      
  22     45.00    10.00    18       246      657      10      
  41     42.00    7.00     5        219      688      10      
  15     30.00    5.00     8        30       519      10      
  43     23.00    3.00     7        458      867      10      
  42     24.00    12.00    5        25       560      10      
  57     32.00    12.00    7        246      705      10      
  87     28.00    18.00    26       287      580      10      

Route 3:
----------------------------------------------------------------------------------------------------
Path: 0 → 6 → 99 → 100 → 44 → 14 → 38 → 86 → 16 → 61 → 17 → 84 → 5 → 60 → 0
Number of Customers: 13
Total Distance: 116.4895
Total Load: 188/200

Customer Details:
  Cust   X        Y        Demand   Ready    Due      Service 
  6      25.00    30.00    3        245      684      10      
  99     20.00    26.00    9        164      601      10      
  100    18.00    18.00    17       391      965      10      
  44     11.00    14.00    18       59       514      10      
  14     15.00    10.00    20       32       694      10      
  38     5.00     5.00     16       130      577      10      
  86     4.00     18.00    35       230      623      10      
  16     10.00    20.00    19       102      543      10      
  61     12.00    24.00    13       126      541      10      
  17     5.00     30.00    2        444      959      10      
  84     11.00    31.00    7        278      669      10      
  5      15.00    30.00    26       20       610      10      
  60     17.00    34.00    3        449      971      10      

Route 4:
----------------------------------------------------------------------------------------------------
Path: 0 → 28 → 76 → 12 → 68 → 80 → 24 → 29 → 79 → 33 → 3 → 77 → 50 → 0
Number of Customers: 12
Total Distance: 97.4979
Total Load: 176/200

Customer Details:
  Cust   X        Y        Demand   Ready    Due      Service 
  28     41.00    37.00    16       6        526      10      
  76     49.00    42.00    13       129      534      10      
  12     50.00    35.00    19       50       523      10      
  68     56.00    39.00    36       459      930      10      
  80     56.00    37.00    6        470      968      10      
  24     65.00    35.00    3        435      960      10      
  29     64.00    42.00    9        29       513      10      
  79     57.00    48.00    23       230      623      10      
  33     53.00    52.00    11       24       575      10      
  3      55.00    45.00    13       378      733      10      
  77     53.00    43.00    14       460      970      10      
  50     47.00    47.00    13       379      810      10      

Route 5:
----------------------------------------------------------------------------------------------------
Path: 0 → 53 → 40 → 21 → 73 → 74 → 72 → 4 → 25 → 55 → 54 → 26 → 13 → 58 → 0
Number of Customers: 13
Total Distance: 103.0743
Total Load: 179/200

Customer Details:
  Cust   X        Y        Demand   Ready    Due      Service 
  53     37.00    31.00    14       256      647      10      
  40     40.00    25.00    9        201      596      10      
  21     45.00    20.00    11       36       509      10      
  73     44.00    17.00    9        143      564      10      
  74     46.00    13.00    8        482      965      10      
  72     47.00    16.00    25       22       617      10      
  4      55.00    20.00    19       477      965      10      
  25     65.00    20.00    6        438      956      10      
  55     63.00    23.00    2        441      918      10      
  54     57.00    29.00    18       475      900      10      
  26     45.00    30.00    17       428      827      10      
  13     30.00    25.00    23       462      978      10      
  58     36.00    26.00    18       479      980      10      

Route 6:
----------------------------------------------------------------------------------------------------
Path: 0 → 52 → 18 → 83 → 45 → 8 → 46 → 47 → 36 → 49 → 64 → 11 → 63 → 90 → 32 → 10 → 0
Number of Customers: 15
Total Distance: 154.2176
Total Load: 193/200

Customer Details:
  Cust   X        Y        Demand   Ready    Due      Service 
  52     27.00    43.00    9        11       502      10      
  18     20.00    40.00    12       229      582      10      
  83     14.00    37.00    11       21       568      10      
  45     6.00     38.00    16       29       589      10      
  8      10.00    43.00    9        245      640      10      
  46     2.00     48.00    1        338      805      10      
  47     8.00     56.00    27       34       602      10      
  36     2.00     60.00    5        41       615      10      
  49     6.00     68.00    30       362      679      10      
  64     15.00    77.00    9        46       524      10      
  11     20.00    65.00    12       33       511      10      
  63     27.00    69.00    10       34       588      10      
  90     31.00    67.00    3        225      654      10      
  32     35.00    69.00    23       482      955      10      
  10     30.00    60.00    16       430      779      10      

Route 7:
----------------------------------------------------------------------------------------------------
Path: 0 → 27 → 69 → 31 → 88 → 62 → 19 → 48 → 82 → 7 → 0
Number of Customers: 9
Total Distance: 81.3100
Total Load: 151/200

Customer Details:
  Cust   X        Y        Demand   Ready    Due      Service 
  27     35.00    40.00    16       5        548      10      
  69     37.00    47.00    6        12       513      10      
  31     31.00    52.00    27       17       501      10      
  88     26.00    52.00    9        104      563      10      
  62     24.00    58.00    19       25       544      10      
  19     15.00    60.00    17       95       552      10      
  48     13.00    52.00    36       454      962      10      
  82     15.00    47.00    16       23       515      10      
  7      20.00    50.00    5        172      569      10      

Route 8:
----------------------------------------------------------------------------------------------------
Path: 0 → 94 → 95 → 97 → 92 → 37 → 98 → 91 → 85 → 93 → 59 → 96 → 89 → 0
Number of Customers: 12
Total Distance: 60.1782
Total Load: 197/200

Customer Details:
  Cust   X        Y        Demand   Ready    Due      Service 
  94     26.00    27.00    27       283      656      10      
  95     25.00    24.00    20       14       533      10      
  97     25.00    21.00    12       462      823      10      
  92     22.00    22.00    2        18       585      10      
  37     20.00    20.00    8        443      856      10      
  98     19.00    21.00    10       21       506      10      
  91     15.00    19.00    1        469      964      10      
  85     16.00    22.00    41       213      624      10      
  93     18.00    24.00    22       414      969      10      
  59     21.00    24.00    28       17       681      10      
  96     22.00    27.00    11       445      852      10      
  89     26.00    35.00    15       409      981      10      

====================================================================================================
END OF REPORT
====================================================================================================
